0.105412
0.063426
0.0629793
0.0678926
0.114345
0.0741459
0.0960323
0.0683393
0.0929057
0.0683393
0.0678926
0.0674459
0.0687859
0.100499
0.0678926
0.0683393
0.0678926
0.0678926
0.0991589
0.0692326
0.0665526
0.0683393
0.0866524
0.0960323
0.089779
0.0674459
0.0674459
0.0732525
0.0687859
0.0678926
0.110772
0.0678926
0.0683393
0.0692326
0.0973723
0.0683393
0.0683393
0.0982656
0.0906724
0.0879924
0.0683393
0.0678926
0.0678926
0.0875457
0.110325
0.0674459
0.0888857
0.0674459
0.0678926
0.0879924
0.0933523
0.0683393
0.0982656
0.0678926
0.0683393
0.091119
0.0683393
0.0870991
0.0678926
0.0674459
0.089779
0.0678926
0.0687859
0.0674459
0.0893324
0.0687859
0.104519
0.093799
0.0687859
0.0687859
0.114792
0.0678926
0.0915657
0.0902257
0.0991589
0.0893324
0.0678926
0.0683393
0.0915657
0.103179
0.0674459
0.0969256
0.107646
0.0678926
0.0692326
0.0683393
0.096479
0.0906724
0.0683393
0.092459
0.103179
0.0768258
0.0991589
0.0920123
0.0674459
0.0674459
0.0665526
0.0683393
0.0701259
0.107199
