0.0687859
0.0665526
0.108985
0.0665526
0.0933523
0.0942457
0.110772
0.0665526
0.0669993
0.0799525
0.0625327
0.0669993
0.0665526
0.0678926
0.0844191
0.0625327
0.110772
0.062086
0.0879924
0.0674459
0.093799
0.0929057
0.0669993
0.0656593
0.0884391
0.0678926
0.0799525
0.0996056
0.100946
0.0893324
0.0674459
0.0669993
0.097819
0.0879924
0.063426
0.062086
0.105859
0.0678926
0.395742
0.0674459
0.0736992
0.125959
0.0665526
0.066106
0.097819
0.0665526
0.0933523
0.0678926
0.0933523
0.062086
0.0830791
0.105412
0.103179
0.063426
0.0665526
0.101392
0.0678926
0.062086
0.0906724
0.066106
0.062086
0.0616393
0.0888857
0.093799
0.0674459
0.0710192
0.0625327
0.0799525
0.0929057
0.0665526
0.096479
0.0821858
0.0625327
0.0987123
0.066106
0.0669993
0.0678926
0.0669993
0.0665526
0.0678926
0.0687859
0.0996056
0.102286
0.096479
0.0665526
0.0625327
0.0803991
0.108092
0.0616393
0.0656593
0.0808458
0.0669993
0.108539
0.0669993
0.0808458
0.0665526
0.0857591
0.229138
0.145612
0.066106
