0.196531
0.234051
0.165265
0.217524
0.233157
0.166158
0.162138
0.166605
0.226904
0.201445
0.221991
0.222884
0.227798
0.221991
0.240751
0.218418
0.171071
0.217524
0.213058
0.29301
0.160352
0.160352
0.170178
0.242984
0.160352
0.160352
0.165712
0.163925
0.211271
0.165265
0.167052
0.170178
0.167498
0.163478
0.166158
0.171071
0.166158
0.165712
0.167052
0.165265
0.160352
0.167945
0.160798
0.165265
0.169285
0.168392
0.166158
0.154545
0.155438
0.163478
0.170625
0.166158
0.154545
0.169732
0.182238
0.152312
0.149632
0.149185
0.159905
0.155438
0.162138
0.165712
0.239857
0.163925
0.221544
0.167498
0.231818
0.168392
1.08673
0.162138
0.151418
0.161692
0.246557
0.170625
0.166158
0.156332
0.154545
0.214398
0.157672
0.165712
0.180898
0.149185
0.154545
0.231371
0.232711
0.206358
0.202784
0.235837
0.243877
0.227798
0.311323
0.239411
0.29301
0.181791
0.209484
0.242537
0.247451
0.230478
0.250577
0.226904
