147.431
178.72
193.124
163.149
145.515
159.976
155.897
160.973
163.906
164.573
151.846
168.278
163.588
150.674
173.659
171.017
182.129
149.203
159.054
158.347
139.243
162.671
171.433
144.055
160.959
174.904
142.262
165.908
176.262
139.209
164.225
170.887
148.147
163.745
158.592
142.254
155.148
175.609
143.705
158.196
171.865
144.527
161.926
160.015
143.894
157.756
165.694
142.909
162.884
160.379
143.39
155.952
159.371
141.897
163.275
168.66
143.007
165.061
162.099
148.062
186.551
177.872
141.281
150.707
184.736
164.234
149.394
169.518
159.362
147.017
163.034
161.34
144.264
170.386
162.8
149.418
156.045
157.875
150.708
171.833
171.147
198.443
157.104
178.654
184.16
184.358
239.52
168.269
194.225
166.498
173.345
155.194
155.788
157.954
156.153
165.526
163.907
142.938
159.289
163.933
