0.0571727
0.0665526
0.0571727
0.0571727
0.0946923
0.0884391
0.0571727
0.0933523
0.0571727
0.0571727
0.058066
0.0571727
0.121045
0.0562794
0.0571727
0.091119
0.0678926
0.0567261
0.0567261
0.0567261
0.0571727
0.0571727
0.0571727
0.0571727
0.0759325
0.0571727
0.0790592
0.0576194
0.0616393
0.0562794
0.0567261
0.0585127
0.0571727
0.0567261
0.0576194
0.0567261
0.058066
0.058066
0.0567261
0.0955856
0.0571727
0.0576194
0.0571727
0.0920123
0.093799
0.0821858
0.0853124
0.0893324
0.140252
0.0576194
0.0585127
0.0576194
0.0567261
0.100052
0.0571727
0.0576194
0.0571727
0.060746
0.058066
0.0790592
0.0571727
0.091119
0.0835258
0.0567261
0.0567261
0.0576194
0.0571727
0.0987123
0.0576194
0.0567261
0.060746
0.0571727
0.0571727
0.0571727
0.100052
0.0571727
0.0571727
0.0803991
0.0567261
0.0576194
0.0567261
0.0567261
0.0571727
0.0576194
0.0571727
0.0567261
0.0567261
0.0571727
0.092459
0.093799
0.0571727
0.062086
0.0571727
0.0567261
0.0567261
0.0602994
0.0741459
0.0799525
0.0571727
0.0567261
