0.142932
0.30775
1.69776
0.0571727
0.092459
0.0562794
0.0562794
0.0571727
0.0562794
0.0567261
0.180898
0.0562794
0.0835258
0.0862057
0.0567261
0.0920123
0.0790592
0.0786125
0.0821858
0.0562794
0.0567261
0.0571727
0.0567261
0.0602994
0.0567261
0.0955856
0.0955856
0.0830791
0.0812925
0.211271
0.0790592
0.0893324
0.161692
0.0839724
0.0567261
0.0821858
0.0973723
0.0567261
0.0571727
0.100499
0.35063
0.260851
0.0866524
0.0567261
0.101839
0.0567261
0.0562794
0.0562794
0.103179
0.0567261
0.0558327
0.0589594
0.0562794
0.0567261
0.0571727
0.0567261
0.0567261
0.0567261
0.0567261
0.0674459
0.0558327
0.0777192
0.0562794
0.058066
0.0567261
0.0576194
0.0558327
0.0562794
0.0562794
0.0571727
0.0567261
0.0562794
0.0562794
0.0562794
0.0562794
0.0567261
0.0567261
0.093799
0.0817391
0.093799
0.0562794
0.0562794
0.0571727
0.0812925
0.785232
0.100499
0.0875457
0.141592
0.100052
0.0991589
0.097819
0.0862057
0.0567261
0.0562794
0.0826324
0.0558327
0.0558327
0.0562794
0.0562794
0.0567261
