249.859
211.059
257.304
226.345
236.094
231.315
230.967
212.776
201.195
223.98
220.582
239.045
209.687
228.108
221.564
221.122
216.852
220.089
220.829
215.721
193.393
251.802
262.657
252.528
228.849
209.208
201.017
218.005
214.015
223.203
216.782
215.822
221.13
257.81
272.099
262.154
229.935
249.354
241.964
260.813
229.266
213.203
216.215
214.74
219.129
214.611
218.934
195.47
215.176
216.184
215.534
207.267
226.526
241.246
216.385
222.697
207.443
228.24
238.015
249.135
239.737
215.452
250.062
302.123
242.673
220.345
214.269
228.062
201.737
204.451
222.329
217.523
247.945
266.15
214.825
226.459
245.635
225.507
236.258
244.1
222.819
244.214
225.169
225.324
231.374
235.732
254.681
274.89
305.278
280.447
243.479
231.989
212.198
275.495
269.095
241.533
216.904
236.026
212.801
220.663
