0.0585127
0.0906724
0.0585127
0.0576194
0.0585127
0.058066
0.058066
0.0589594
0.058066
0.0585127
0.0540461
0.0576194
0.0589594
0.058066
0.0616393
0.0585127
0.0585127
0.0611927
0.058066
0.0576194
0.0576194
0.0585127
0.0946923
0.0960323
0.0973723
0.0973723
0.0589594
0.089779
0.121492
0.0866524
0.0933523
0.0812925
0.0777192
0.0929057
0.058066
0.107646
0.146952
0.0585127
0.0585127
0.0589594
0.0585127
0.0589594
0.0576194
0.058066
0.0844191
0.0576194
0.060746
0.0576194
0.058066
0.0589594
0.0585127
0.0576194
0.058066
0.0803991
0.058066
0.058066
0.0585127
0.058066
0.058066
0.0589594
0.058066
0.0544927
0.0540461
0.0540461
0.0544927
0.0576194
0.0540461
0.0879924
0.0835258
0.0576194
0.0585127
0.0884391
0.0955856
0.141145
0.0544927
0.0549394
0.0540461
0.0540461
0.058066
0.058066
0.0893324
0.0870991
0.0969256
0.0598527
0.193405
0.059406
0.0576194
0.0576194
0.0728059
0.0585127
0.0884391
0.0589594
0.102286
0.058066
0.058066
0.058066
0.0826324
0.058066
0.0585127
0.058066
