0.062086
0.0562794
0.0567261
0.0562794
0.0562794
0.0567261
0.0567261
0.0558327
0.0571727
0.0562794
0.0781658
0.0562794
0.0812925
0.0830791
0.0571727
0.0567261
0.0879924
0.0562794
0.0929057
0.0929057
0.095139
0.0571727
0.0781658
0.0906724
0.0929057
0.0915657
0.093799
0.092459
0.258617
0.0996056
0.0996056
0.0915657
0.0996056
0.0848658
0.0562794
0.0567261
0.0567261
0.0567261
0.0571727
0.0558327
0.0567261
0.0567261
0.0562794
0.0562794
0.0567261
0.0571727
0.0562794
0.0562794
0.089779
0.0571727
0.0562794
0.0558327
0.0562794
0.0562794
0.0562794
0.0562794
0.0562794
0.0562794
0.0567261
0.0567261
0.0567261
0.0562794
0.0567261
0.0638726
0.0562794
0.0558327
0.0567261
0.093799
0.089779
0.0942457
0.0862057
0.0567261
0.113005
0.0589594
0.0562794
0.0562794
0.0562794
0.0571727
0.0562794
0.0527061
0.0571727
0.0562794
0.0562794
0.0571727
0.100052
0.0826324
0.0812925
0.0848658
0.0567261
0.0942457
0.0567261
0.0567261
0.0562794
0.0589594
0.0571727
0.0562794
0.0558327
0.0567261
0.0571727
0.0812925
