0.102286
0.0888857
0.0929057
0.0625327
0.0638726
0.0723592
0.0589594
0.0643193
0.0848658
0.062086
0.0589594
0.0768258
0.118365
0.0629793
0.0625327
0.0585127
0.0598527
0.063426
0.063426
0.0625327
0.060746
0.0638726
0.0629793
0.063426
0.100052
0.059406
0.0687859
0.059406
0.0625327
0.0906724
0.063426
0.103626
0.0638726
0.064766
0.063426
0.0808458
0.101392
0.059406
0.0929057
0.062086
0.063426
0.0638726
0.0585127
0.0629793
0.0589594
0.0906724
0.0808458
0.0643193
0.0585127
0.0638726
0.0629793
0.0638726
0.0589594
0.097819
0.0866524
0.063426
0.0585127
0.0629793
0.0589594
0.063426
0.0638726
0.0625327
0.0946923
0.093799
0.064766
0.0669993
0.0638726
0.0643193
0.0625327
0.0652126
0.063426
0.0884391
0.0692326
0.102286
0.0625327
0.063426
0.0629793
0.0585127
0.29837
0.0629793
0.101392
0.0629793
0.0629793
0.060746
0.0629793
0.063426
0.195638
0.0643193
0.0996056
0.0875457
0.0987123
0.29569
0.141592
0.0638726
0.063426
0.103179
0.0777192
0.0638726
0.0625327
0.0692326
