0.195191
0.202784
0.242984
0.201891
0.200105
0.27023
0.260851
0.200998
0.178665
0.184918
0.201445
0.257277
0.256384
0.191171
0.197425
0.196531
0.203678
0.192958
0.189385
0.270677
0.194298
0.496688
0.273357
0.267104
0.394402
0.30239
0.339016
0.292564
0.28497
0.267997
0.288544
0.192065
0.192511
0.198765
0.192065
0.200105
0.189831
0.199211
0.192511
0.188491
0.197871
0.190725
0.27827
0.267104
0.257277
0.280504
0.232711
0.198318
0.194745
0.193405
0.196531
0.195638
0.194298
0.204124
0.193851
0.201445
0.196978
0.192511
0.192511
0.192511
0.261744
0.248344
0.261297
0.191171
0.375643
0.209038
0.197871
0.242984
0.193405
0.199211
0.200998
0.200105
0.200551
0.200551
0.199658
0.207251
0.194745
0.207251
0.259957
0.212164
0.183578
1.7862
0.209484
0.199211
0.254597
0.190725
0.196978
0.199211
0.197425
0.200551
0.185811
0.196531
0.262191
0.197425
0.209931
0.269337
0.271124
0.554307
0.262637
0.196978
