0.115685
0.192511
0.0741459
0.0585127
0.0830791
0.0808458
0.0585127
0.0920123
0.108985
0.0585127
0.0893324
0.0870991
0.0790592
0.0781658
0.0585127
0.0598527
0.093799
0.0585127
0.0866524
0.0942457
0.0589594
0.0835258
0.0585127
0.0893324
0.058066
0.0741459
0.0799525
0.0879924
0.0870991
0.0817391
0.095139
0.0987123
0.0866524
0.0585127
0.0585127
0.0884391
0.0982656
0.0888857
0.100499
0.0728059
0.0884391
0.0598527
0.0589594
0.0812925
0.0817391
0.0585127
0.0589594
0.0625327
0.058066
0.0768258
0.0611927
0.058066
0.058066
0.0585127
0.0585127
0.0589594
0.0589594
0.0585127
0.064766
0.0741459
0.0589594
0.058066
0.058066
0.0589594
0.0669993
0.0589594
0.058066
0.058066
0.0589594
0.0585127
0.0741459
0.0625327
0.0585127
0.058066
0.0585127
0.0576194
0.121045
0.0585127
0.058066
0.0821858
0.0973723
0.0585127
0.136679
0.0893324
0.0839724
0.0790592
0.0969256
0.0955856
0.102286
0.0585127
0.0996056
0.058066
0.0884391
0.058066
0.058066
0.058066
0.0625327
0.0625327
0.058066
0.058066
