0.0929057
0.089779
0.0835258
0.0902257
0.0969256
0.058066
0.058066
0.0585127
0.0585127
0.0576194
0.089779
0.0799525
0.0665526
0.0656593
0.0585127
0.058066
0.0839724
0.058066
0.0870991
0.058066
0.0576194
0.0723592
0.058066
0.0585127
0.058066
0.0585127
0.058066
0.0585127
0.058066
0.058066
0.060746
0.0629793
0.0826324
0.058066
0.0826324
0.058066
0.093799
0.059406
0.0585127
0.0585127
0.0585127
0.0629793
0.0585127
0.058066
0.058066
0.0540461
0.0576194
0.0602994
0.0585127
0.0540461
0.0629793
0.058066
0.0602994
0.058066
0.0732525
0.0540461
0.0786125
0.0540461
0.0576194
0.0763792
0.0540461
0.0544927
0.0540461
0.058066
0.0535994
0.058066
0.058066
0.058066
0.0576194
0.0576194
0.0553861
0.0544927
0.0585127
0.058066
0.0540461
0.0540461
0.058066
0.0576194
0.0540461
0.058066
0.0540461
0.059406
0.0562794
0.0585127
0.059406
0.0589594
0.0576194
0.0598527
0.058066
0.0585127
0.0844191
0.0835258
0.0875457
0.0585127
0.0589594
0.0960323
0.0687859
0.093799
0.0576194
0.060746
