0.0558327
0.0553861
0.0553861
0.0558327
0.0549394
0.140252
0.0553861
0.0518128
0.0549394
0.0696793
0.0553861
0.0522594
0.0553861
0.0732525
0.132212
0.0973723
0.0553861
0.100946
0.0553861
0.092459
0.0553861
0.0933523
0.0969256
0.0839724
0.193405
0.0920123
0.0611927
0.0786125
0.352863
0.093799
0.089779
0.0862057
0.0848658
0.0585127
0.0553861
0.0544927
0.0553861
0.0553861
0.0553861
0.0589594
0.0549394
0.0553861
0.0549394
0.0553861
0.0553861
0.0553861
0.0553861
0.0558327
0.0549394
0.0812925
0.0857591
0.0553861
0.0812925
0.0571727
0.0553861
0.0553861
0.0553861
0.0602994
0.0558327
0.0549394
0.0558327
0.0553861
0.0549394
0.0562794
0.0710192
0.0518128
0.0553861
0.0553861
0.0906724
0.0553861
0.0812925
0.0522594
0.0830791
0.0518128
0.0549394
0.0558327
0.0522594
0.0553861
0.0527061
0.0567261
0.0857591
0.0513661
0.059406
0.0955856
0.0839724
0.0558327
0.752179
0.226458
0.0857591
0.0558327
0.0652126
0.102732
0.0558327
0.0585127
0.0553861
0.0553861
0.0553861
0.0553861
0.0558327
0.0777192
