0.108539
0.0719126
0.0750392
0.0719126
0.136679
0.0946923
0.095139
0.0929057
0.114792
0.0705726
0.102732
0.0732525
0.0710192
0.0710192
0.0946923
0.0714659
0.0710192
0.0710192
0.0719126
0.0710192
0.0991589
0.112559
0.0710192
0.0781658
0.114792
0.114792
0.0710192
0.0705726
0.106306
0.0705726
0.0723592
0.121492
0.105859
0.117919
0.0710192
0.0723592
0.0710192
0.095139
0.513214
0.103626
0.0710192
0.0723592
0.109432
0.0705726
0.0714659
0.101839
0.093799
0.0710192
0.0723592
0.113899
0.102286
0.0714659
0.0942457
0.0705726
0.0719126
0.0710192
0.101839
0.0714659
0.092459
0.0714659
0.0763792
0.117025
0.0991589
0.0728059
0.0714659
0.109879
0.0808458
0.110772
0.102286
0.0714659
0.101839
0.114345
0.0714659
0.0710192
0.093799
0.0710192
0.117919
0.0728059
0.0710192
0.097819
0.0719126
0.110772
0.0902257
0.120152
0.0705726
0.0719126
0.101839
0.0879924
0.102732
0.0714659
0.118365
0.0714659
0.0732525
0.0736992
0.095139
0.0710192
0.0888857
0.0705726
0.0710192
0.0710192
