0.0656593
0.066106
0.095139
0.0656593
0.064766
0.0652126
0.0946923
0.066106
0.093799
0.095139
0.0656593
0.0652126
0.0652126
0.0656593
0.064766
0.066106
0.064766
0.0902257
0.0862057
0.0933523
0.0942457
0.0879924
0.0652126
0.106752
0.105859
0.0665526
0.093799
0.0656593
0.0669993
0.0884391
0.0866524
0.0929057
0.066106
0.095139
0.0652126
0.0652126
0.0884391
0.0844191
0.0982656
0.0665526
0.0933523
0.254597
0.105412
0.0942457
0.0652126
0.0862057
0.0870991
0.0875457
0.101392
0.097819
0.133105
0.0656593
0.0669993
0.231371
0.0879924
0.0821858
0.0955856
0.0656593
0.0665526
0.104072
0.096479
0.066106
0.0915657
0.0946923
0.0701259
0.0652126
0.0656593
0.0656593
0.0652126
0.0656593
0.093799
0.066106
0.102286
0.103626
0.0652126
0.0862057
0.0652126
0.0879924
0.066106
0.0835258
0.0862057
0.0656593
0.0884391
0.095139
0.0870991
0.0652126
0.096479
0.0915657
0.103626
0.0870991
0.0656593
0.0888857
0.066106
0.0946923
0.0942457
0.0652126
0.0656593
0.0665526
0.0652126
0.0656593
