0.060746
0.0598527
0.059406
0.0589594
0.0589594
0.0884391
0.0772725
0.108985
0.0598527
0.0589594
0.0598527
0.0853124
0.059406
0.0598527
0.0602994
0.0991589
0.0598527
0.060746
0.0893324
1.28326
0.0629793
0.112559
0.103179
0.0920123
0.0982656
0.184918
0.170178
0.0888857
0.0875457
0.092459
0.110325
0.0602994
0.059406
0.0598527
0.0616393
0.059406
0.0598527
0.0598527
0.059406
0.0598527
0.0678926
0.0589594
0.0602994
0.091119
0.505621
0.0848658
0.0598527
0.0598527
0.0598527
0.059406
0.059406
0.059406
0.0786125
0.0602994
0.0821858
0.0589594
0.0589594
0.0602994
0.059406
0.0602994
0.059406
0.059406
0.0888857
0.0602994
0.0987123
0.0598527
0.059406
0.0598527
0.059406
0.0602994
0.059406
0.0638726
0.059406
0.059406
0.0652126
0.059406
0.0598527
0.059406
0.0611927
0.0915657
0.0589594
0.0857591
0.0643193
0.0701259
0.059406
0.0598527
0.059406
0.0598527
0.0598527
0.059406
0.0602994
0.0656593
0.0558327
0.059406
0.0888857
0.0777192
0.0848658
0.059406
0.0902257
0.0817391
