0.0723592
0.0683393
0.0625327
0.0522594
1.02286
0.0562794
0.0562794
0.0567261
0.0562794
0.0567261
0.0531528
0.0567261
0.0522594
0.0562794
0.0531528
0.136232
0.0567261
0.0531528
0.0527061
0.0518128
0.0598527
0.0714659
0.0527061
0.0795058
0.0781658
0.0562794
0.0558327
0.0844191
0.0571727
0.092459
0.0888857
0.100946
0.0929057
0.292117
0.0562794
0.0571727
0.100052
0.0567261
0.058066
0.0567261
0.0558327
0.0562794
0.059406
0.0576194
0.0576194
0.0562794
0.0558327
0.0781658
0.0558327
0.0562794
0.0558327
0.0571727
0.0870991
0.0531528
0.100052
0.0705726
0.0562794
0.0562794
0.0558327
0.0558327
0.0558327
0.0558327
0.0567261
0.0562794
0.0562794
0.0567261
0.0571727
0.0562794
0.0527061
0.0522594
0.0567261
0.0933523
0.0817391
0.0562794
0.0562794
0.0611927
0.0558327
0.0567261
0.0558327
0.0625327
0.0844191
0.0875457
0.0942457
0.0567261
0.0567261
0.0562794
0.0562794
0.0562794
0.0567261
0.0562794
0.060746
0.0576194
0.0723592
0.0567261
0.0567261
0.0772725
0.0562794
0.0567261
0.0567261
0.058066
