0.060746
0.0602994
0.0866524
0.0611927
0.060746
0.060746
0.0562794
0.062086
0.0933523
0.0611927
0.0848658
0.060746
0.060746
0.060746
0.0870991
0.0723592
0.0602994
0.0611927
0.0576194
0.0602994
0.0567261
0.0562794
0.0611927
0.0728059
0.0611927
0.095139
0.0857591
0.0611927
0.129979
0.0602994
0.0812925
0.0812925
0.0562794
0.0567261
0.422989
0.0562794
0.0795058
0.0602994
0.0602994
0.0862057
0.0906724
0.0571727
0.0902257
0.0576194
0.060746
0.142038
0.0562794
0.0567261
0.060746
0.0616393
0.0656593
0.0616393
0.0879924
0.0562794
0.0602994
0.0611927
0.064766
0.060746
0.0616393
0.0611927
0.0870991
0.0826324
0.060746
0.0893324
0.060746
0.0562794
0.0602994
0.0687859
0.0562794
0.060746
0.0562794
0.0602994
0.0656593
0.0616393
0.0616393
0.0848658
0.0567261
0.093799
0.0562794
0.0576194
0.0567261
0.060746
0.0611927
0.0616393
0.0844191
0.0933523
0.060746
0.0969256
0.0862057
0.0844191
0.0669993
0.0629793
0.0678926
0.0616393
0.0915657
0.0768258
0.0830791
0.0567261
0.0665526
0.060746
