0.175091
0.106306
0.120599
0.104966
0.104072
0.110772
0.151418
0.171965
0.104519
0.106306
0.155438
0.139805
0.108985
0.107646
0.104966
0.109879
0.111665
0.108985
0.104072
0.108985
0.104519
0.106752
0.108539
0.145612
0.140698
0.104966
0.108092
0.166158
0.107199
0.104966
0.164818
0.104966
0.103626
0.109879
0.107646
0.104966
0.106306
0.105412
0.165712
0.105859
0.106752
0.106306
0.154992
0.172858
0.187151
0.152758
0.163032
0.104072
0.202784
0.175091
0.127299
0.133105
0.165712
0.167945
0.108539
0.105412
0.105859
0.104519
0.108092
0.121045
0.107646
0.108539
0.108985
0.153652
0.109879
0.107199
0.146058
0.104966
0.104966
0.255044
0.107199
0.668653
0.108985
0.106306
0.102732
0.107199
0.142485
0.104519
0.104966
0.106752
0.108539
0.105412
0.105412
0.104519
0.104966
0.105412
0.141145
0.125065
0.113452
0.147398
0.104519
0.106306
0.104966
0.105859
0.130872
0.134445
0.105859
0.104519
0.104966
0.106306
