260.418
336.23
298.733
279.458
236.06
266.133
284.46
252.765
238.385
234.944
236.952
252.502
244.737
240.74
242.159
236.188
250.452
238.063
256.415
247.15
246.283
245.23
258.682
251.258
247.809
248.275
267.055
381.741
259.233
253.506
308.285
257.088
236.787
235.254
240.577
248.899
248.605
255.865
244.653
244.37
296.357
276.335
242.147
240.925
260.417
233.988
247.284
240.658
241.836
237.951
255.899
251.809
255.278
277.695
302.928
294.617
284.407
266.425
257.983
238.913
239.493
238.226
281.586
253.197
299.322
251.226
275.114
247.895
261.559
241.078
240.855
240.44
266.601
273.248
318.758
259.231
280.967
251.248
258.445
269.959
266.321
299.564
257.697
240.151
241.228
239.765
243.741
250.198
240.959
239.04
244.077
245.287
260.697
238.287
243.679
236.74
249.755
238.335
241.356
237.915
