8845.01
7893.64
7639.86
7825.33
8024.44
7894.4
8034.86
8015.52
7865.94
7659.16
7659.34
7646.68
7700.38
7663.87
7639.77
7664.24
7621.71
7658.05
7674.63
7694.69
7656.74
7679.49
7666.9
7681.9
7643.99
7669.66
7655.11
7622.26
7663.93
7683.46
7641.44
7657.35
7665.91
7634.11
7637.49
7689.79
7717.47
7694.92
7701.16
7673.19
7686.28
7908.9
7648.33
7860.83
7672.13
7694.28
7624.69
7689.38
7644.07
7719.24
7641.79
7666.62
7618.8
7680.23
7662.8
7659.52
7674.94
7639.79
7628.51
7636.99
7666.01
7642.9
7639.74
7701.98
7683.94
7712.18
7687.19
7658.18
7679.94
7652.62
7638.75
7643.3
7670.42
7652.6
7726.87
7730.38
7669.18
7661.33
7953.53
8053.25
8462.1
10354.9
9773.87
8339.25
8930.11
7851.92
8621.76
7626.78
7660.11
7706.78
8477.09
7934.35
7961.88
7660.21
8012.62
7695.62
7523.21
7486.48
7601.36
7551.9
