0.867864
0.819625
0.870991
0.840171
0.820965
1.12827
1.64372
1.59592
1.17695
1.05636
0.996503
1.04876
0.97149
0.900917
0.724486
0.856697
0.724486
0.726272
0.792825
0.700366
0.625327
0.795951
1.77816
1.15596
0.5753
0.57798
0.536441
0.57664
0.528401
0.562794
0.830791
1.13318
0.675799
0.909404
0.717786
0.842851
0.717786
0.784338
0.95541
0.902704
0.818731
0.841511
0.873671
1.74779
0.91521
0.804438
1.43289
0.797738
0.741905
0.737885
0.94737
0.92057
0.724932
0.759772
0.876351
0.832131
1.44986
1.02196
0.694113
1.7192
1.49944
0.759325
1.45746
0.672673
0.62488
1.22385
0.962556
0.770492
1.54009
0.443982
0.767365
1.11085
0.573514
0.64632
1.00499
1.29041
0.568154
1.01214
0.469888
0.579767
1.07333
0.938437
1.49319
1.545
0.850891
1.23993
1.6455
1.00856
1.40609
1.05189
1.35741
0.995609
0.832131
0.650786
0.91655
0.759772
1.29398
0.486415
0.6356
1.69866
0.629347
1.11978
1.2712
0.604334
0.65168
1.17159
0.61282
0.827664
1.63344
0.921017
0.0888857
0.092459
0.092459
0.0571727
0.104966
0.0571727
0.0585127
0.0585127
0.0589594
0.0611927
0.0803991
0.0857591
0.0888857
0.0553861
0.0576194
0.0616393
0.0629793
0.0803991
0.0929057
0.0589594
0.0531528
0.0576194
0.095139
0.0531528
0.0567261
0.0535994
0.0535994
0.0531528
0.0535994
0.0531528
0.0777192
0.0531528
0.0589594
0.0531528
0.0535994
0.0567261
0.0527061
0.0589594
0.0567261
0.0531528
0.105412
0.0576194
0.0571727
0.116579
0.0687859
0.0544927
0.0754859
0.0544927
0.0549394
0.058066
0.0719126
0.0531528
0.0736992
0.0535994
0.0571727
0.0987123
0.0562794
0.0638726
0.0535994
0.0585127
0.0571727
0.0571727
0.0875457
0.0567261
0.0567261
0.0562794
0.0571727
0.0576194
0.0821858
0.062086
0.0567261
0.0571727
0.059406
0.0527061
0.0598527
0.0835258
0.0571727
0.0571727
0.0549394
0.0611927
0.0589594
0.0540461
0.0625327
0.0589594
0.0875457
0.0942457
0.0960323
0.0643193
0.0571727
0.0942457
0.0705726
0.0955856
0.0598527
0.0571727
0.058066
0.0562794
0.0567261
0.0719126
0.0567261
0.0567261
