0.994716
1.32435
1.87777
1.5182
1.50793
1.65533
1.59235
1.74645
2.27217
1.53205
1.21537
2.014
1.58565
1.35919
2.1069
1.3047
1.478
2.13817
1.49632
1.19571
2.24984
0.977743
1.13765
1.82819
1.04876
0.891537
1.81211
1.67409
0.934863
1.95102
1.58922
1.07422
2.39143
1.44272
1.58029
2.13862
0.832578
1.08851
2.40036
1.62987
1.71429
2.38964
1.39716
1.54277
1.39582
1.07958
1.4311
1.5517
1.03581
1.55617
1.82863
1.14792
0.816945
2.30165
0.931737
1.10281
1.46996
1.07958
1.5517
2.34676
0.852678
1.20599
2.30969
1.42619
1.24619
1.76387
0.94871
0.909404
1.93673
1.2578
1.48068
1.84248
0.66374
1.26093
0.754859
1.87062
1.02866
1.24931
1.66382
0.855804
0.820518
1.70536
1.58029
0.750392
1.36232
1.71384
1.37125
1.40743
1.59592
0.669099
1.38063
1.80853
0.868757
1.1372
1.70357
1.0635
1.17293
1.6062
1.15328
1.22698
0.121045
0.0696793
0.0710192
0.0772725
0.0821858
0.0759325
0.0750392
0.0839724
0.0759325
0.0786125
0.0701259
0.0701259
0.0701259
0.0759325
0.0915657
0.0781658
0.123279
0.0768258
0.123725
0.0754859
0.0705726
0.0701259
0.0759325
0.0705726
0.0777192
0.172858
0.101392
0.207251
0.0741459
0.0750392
0.0759325
0.0754859
0.0705726
0.0768258
0.0786125
0.0888857
0.101392
0.0754859
0.0701259
0.0701259
0.0719126
0.0759325
0.0763792
0.0710192
0.0803991
0.0705726
0.0696793
0.0750392
0.0781658
0.0768258
0.0844191
0.0933523
0.0803991
0.0759325
0.0754859
0.119259
0.147845
0.112112
0.0826324
0.118812
0.0790592
0.0763792
0.109432
0.0759325
0.0696793
0.102732
0.0763792
0.146952
0.0759325
0.0763792
0.0777192
0.0701259
0.0723592
0.0754859
0.0701259
0.0884391
0.0803991
0.0710192
0.0750392
0.0803991
0.123725
0.0701259
0.0745925
0.0821858
0.110325
0.089779
0.0714659
0.0696793
0.0701259
0.108092
0.0812925
0.0710192
0.0750392
0.0808458
0.0759325
0.119259
0.0745925
0.0759325
0.0701259
0.0759325
