0.141145
0.146952
0.144272
0.0942457
0.0750392
0.0812925
0.0803991
0.146058
0.0754859
0.0763792
0.100946
0.0920123
0.0955856
0.113452
0.0795058
0.096479
0.111665
0.119705
0.134892
0.128192
0.0817391
0.123279
0.121939
0.0812925
0.0736992
0.0790592
0.0790592
0.0790592
0.0803991
0.113899
0.0795058
0.125512
0.133105
0.0763792
0.0795058
0.0786125
0.0790592
0.0736992
0.0795058
0.0803991
0.0790592
0.0790592
0.120599
0.115685
0.0790592
0.0736992
0.0803991
0.0803991
0.0790592
0.0799525
0.0790592
0.0786125
0.0799525
0.0750392
0.0812925
0.0862057
0.0759325
0.0812925
0.102732
0.0906724
0.133552
0.0799525
0.0790592
0.0795058
0.0790592
0.0821858
0.119259
0.131765
0.0795058
0.0795058
0.0835258
0.118812
0.0781658
0.0817391
0.124619
0.128192
0.0821858
0.0844191
0.0795058
0.0790592
0.0795058
0.0866524
0.0790592
0.102732
0.0786125
0.0736992
0.124619
0.0741459
0.0844191
0.109432
0.0763792
0.140698
0.134892
0.117025
0.133552
0.150525
0.0812925
0.0745925
0.0790592
0.0799525
0.117025
0.0853124
0.0790592
0.0795058
0.095139
0.0795058
0.0736992
0.0790592
0.0879924
0.095139
0.093799
0.0808458
0.0853124
0.143825
0.0808458
0.0795058
0.0803991
0.0803991
0.147398
0.127299
0.0817391
0.134445
0.096479
0.0853124
0.0741459
0.131319
0.115685
0.132212
0.093799
0.0790592
0.0795058
0.0736992
0.0826324
0.0759325
0.0812925
0.0790592
0.0759325
0.0795058
0.125959
0.0741459
0.0790592
0.0969256
0.0736992
0.0808458
0.0790592
0.150525
0.0799525
0.133999
0.0875457
0.0808458
0.0741459
0.0808458
0.0795058
0.0754859
0.0848658
0.0759325
0.0812925
0.0812925
0.0759325
0.0741459
0.0812925
0.0795058
0.0799525
0.0808458
0.118365
0.0741459
0.121939
0.0790592
0.0839724
0.0799525
0.0741459
0.0795058
0.0795058
0.0929057
0.0835258
0.0790592
0.0741459
0.0929057
0.0817391
0.125959
0.0795058
0.0835258
0.141592
0.119705
0.0799525
0.0799525
0.0803991
0.0812925
0.0763792
0.0817391
0.0817391
0.0893324
0.0826324
0.0812925
0.0812925
0.138912
0.0812925
0.126852
0.0799525
0.0835258
0.129979
0.0741459
0.0942457
0.0906724
0.123725
0.0799525
0.0795058
0.0799525
0.0969256
0.0826324
