841.563
794.918
819.214
809.248
778.353
775.987
780.865
784.121
791.818
779.663
850.854
780.056
791.061
771.926
777.299
783.534
786.568
778.016
784.459
774.229
789.8
779.709
826.871
832.859
848.871
796.308
787.898
784.607
787.882
780.295
793.094
787.772
784.442
779.322
807.593
835.469
782.571
786.816
798.804
777.876
790.268
784.324
790.617
804.058
790.99
791.366
786.998
798.617
797.948
772.168
792.446
780.187
791.088
793.64
800.355
775.268
788.563
779.462
795.051
791.636
800.6
795.728
796.497
783.725
786.093
775.572
790.164
795.274
782.295
786.398
801.517
787.969
801.815
799.93
781.064
777.915
791.931
785.143
787.829
792.964
797.567
777.208
786.471
799.919
785.905
786.41
818.231
785.289
812.38
902.193
790.081
786.71
805.447
773.295
794.783
776.453
782.938
793.896
802.396
792.957
813.669
799.159
783.754
801.197
786.961
814.339
850.928
794.843
780.975
791.275
790.389
1003.45
941.966
897.196
902.774
902.975
910.761
860.153
891.14
812.797
814.349
875.894
871.024
846.597
848.077
798.517
929.385
874.68
843.818
916.916
800.636
821.891
878.211
863.498
864.273
848.329
844.986
842.617
826.967
834.267
957.91
911.742
878.207
852.414
827.618
843.048
879.555
872.446
917.224
833.331
918.95
931.346
1003.96
895.092
1119.99
1177.42
1082.52
1202.7
1175.62
892.13
871.836
840.36
813.66
798.136
871.44
941.959
932.003
1037.03
917.938
831.277
822.492
797.303
817.85
918.426
823.896
848.247
853.819
876.061
913.88
857.541
876.642
910.203
814.986
874.086
886.062
820.767
796.271
806.386
836.716
859.225
836.079
827.766
832.62
882.22
847.267
871.046
854.533
920.525
798.762
806.143
