15
0 12 10 3 12 7 18 4 3 4 4 5 16 4 2 
18 0 16 8 18 10 17 7 13 1 20 8 18 14 7 
18 7 0 7 17 1 13 6 8 7 8 16 10 14 13 
5 18 4 0 20 3 9 17 12 18 12 15 13 19 1 
12 8 7 14 0 11 16 15 17 12 8 18 5 5 20 
19 3 13 18 7 0 20 17 2 8 6 12 19 11 13 
7 15 4 9 20 12 0 12 1 5 1 7 17 9 9 
18 8 4 2 11 15 16 0 5 8 2 15 15 13 8 
5 3 13 16 5 11 18 3 0 8 12 7 19 1 10 
11 2 17 19 20 16 1 2 5 0 17 8 15 4 15 
6 1 6 14 9 16 20 12 11 1 0 6 15 5 15 
14 1 3 3 15 4 7 9 14 14 10 0 8 9 10 
8 16 14 11 15 3 11 17 19 15 3 14 0 5 9 
7 2 1 1 11 10 17 20 2 10 3 17 17 0 13 
6 5 7 17 8 5 16 15 5 5 7 8 3 14 0 
